This is cutadapt 4.9 with Python 3.12.5
Command line parameters: -a AGATCGGAAGAGCGTCGTGTAGGGAAAGAGTGT -o ./cutadapt_out/22_3H_both_S16_L008_R2_001_trimmed.fastq.gz /projects/bgmp/shared/2017_sequencing/demultiplexed/22_3H_both_S16_L008_R2_001.fastq.gz
Processing single-end reads on 1 core ...
Finished in 28.097 s (6.936 µs/read; 8.65 M reads/minute).

=== Summary ===

Total reads processed:               4,050,899
Reads with adapters:                   186,534 (4.6%)
Reads written (passing filters):     4,050,899 (100.0%)

Total basepairs processed:   409,140,799 bp
Total written (filtered):    407,564,514 bp (99.6%)

=== Adapter 1 ===

Sequence: AGATCGGAAGAGCGTCGTGTAGGGAAAGAGTGT; Type: regular 3'; Length: 33; Trimmed: 186534 times

Minimum overlap: 3
No. of allowed errors:
1-9 bp: 0; 10-19 bp: 1; 20-29 bp: 2; 30-33 bp: 3

Bases preceding removed adapters:
  A: 25.7%
  C: 31.5%
  G: 31.0%
  T: 11.6%
  none/other: 0.2%

Overview of removed sequences
length	count	expect	max.err	error counts
3	101827	63295.3	0	101827
4	21693	15823.8	0	21693
5	7544	3956.0	0	7544
6	3311	989.0	0	3311
7	2643	247.2	0	2643
8	2432	61.8	0	2432
9	2506	15.5	0	2373 133
10	2418	3.9	1	2211 207
11	2329	1.0	1	2190 139
12	2302	0.2	1	2231 71
13	2036	0.1	1	1990 46
14	1989	0.0	1	1946 43
15	1955	0.0	1	1889 66
16	1868	0.0	1	1833 35
17	1794	0.0	1	1735 59
18	1732	0.0	1	1675 57
19	1653	0.0	1	1598 55
20	1578	0.0	2	1513 54 11
21	1556	0.0	2	1487 60 9
22	1473	0.0	2	1408 55 10
23	1359	0.0	2	1295 53 11
24	1301	0.0	2	1229 63 9
25	1223	0.0	2	1163 54 6
26	1265	0.0	2	1206 51 8
27	1126	0.0	2	1064 54 8
28	1102	0.0	2	1051 39 12
29	1019	0.0	2	960 53 5 1
30	938	0.0	3	887 43 6 2
31	910	0.0	3	856 44 9 1
32	842	0.0	3	791 37 10 4
33	763	0.0	3	717 31 11 4
34	714	0.0	3	670 31 10 3
35	658	0.0	3	631 22 4 1
36	666	0.0	3	627 27 8 4
37	569	0.0	3	536 26 5 2
38	557	0.0	3	524 27 5 1
39	526	0.0	3	495 23 5 3
40	440	0.0	3	413 24 1 2
41	377	0.0	3	342 26 6 3
42	359	0.0	3	338 15 4 2
43	325	0.0	3	298 18 8 1
44	303	0.0	3	279 17 6 1
45	255	0.0	3	235 15 3 2
46	215	0.0	3	198 10 3 4
47	196	0.0	3	180 13 3
48	184	0.0	3	168 9 3 4
49	157	0.0	3	146 7 2 2
50	143	0.0	3	129 8 3 3
51	122	0.0	3	114 5 2 1
52	99	0.0	3	91 5 3
53	111	0.0	3	97 8 3 3
54	73	0.0	3	66 5 1 1
55	94	0.0	3	79 10 3 2
56	44	0.0	3	41 0 2 1
57	51	0.0	3	40 6 4 1
58	48	0.0	3	44 0 2 2
59	33	0.0	3	25 2 3 3
60	43	0.0	3	39 1 1 2
61	43	0.0	3	34 6 1 2
62	49	0.0	3	44 4 1
63	19	0.0	3	17 1 0 1
64	26	0.0	3	17 4 2 3
65	22	0.0	3	18 0 4
66	20	0.0	3	14 1 4 1
67	21	0.0	3	14 3 2 2
68	23	0.0	3	19 4
69	15	0.0	3	11 2 0 2
70	19	0.0	3	17 2
71	10	0.0	3	8 0 1 1
72	8	0.0	3	6 0 1 1
73	15	0.0	3	12 2 1
74	15	0.0	3	11 1 1 2
75	10	0.0	3	6 1 2 1
76	4	0.0	3	4
77	9	0.0	3	5 3 0 1
78	4	0.0	3	2 0 1 1
79	7	0.0	3	5 1 1
80	5	0.0	3	5
81	1	0.0	3	1
82	2	0.0	3	2
83	2	0.0	3	1 1
84	1	0.0	3	1
85	3	0.0	3	3
87	2	0.0	3	2
88	1	0.0	3	0 1
90	1	0.0	3	1
91	3	0.0	3	3
92	1	0.0	3	0 1
94	1	0.0	3	0 1
95	2	0.0	3	2
96	1	0.0	3	1
101	320	0.0	3	0 229 86 5
