This is cutadapt 4.9 with Python 3.12.5
Command line parameters: -a AGATCGGAAGAGCACACGTCTGAACTCCAGTCA -o ./cutadapt_out/22_3H_both_S16_L008_R1_001_trimmed.fastq.gz /projects/bgmp/shared/2017_sequencing/demultiplexed/22_3H_both_S16_L008_R1_001.fastq.gz
Processing single-end reads on 1 core ...
Finished in 26.599 s (6.566 µs/read; 9.14 M reads/minute).

=== Summary ===

Total reads processed:               4,050,899
Reads with adapters:                   153,089 (3.8%)
Reads written (passing filters):     4,050,899 (100.0%)

Total basepairs processed:   409,140,799 bp
Total written (filtered):    407,700,835 bp (99.6%)

=== Adapter 1 ===

Sequence: AGATCGGAAGAGCACACGTCTGAACTCCAGTCA; Type: regular 3'; Length: 33; Trimmed: 153089 times

Minimum overlap: 3
No. of allowed errors:
1-9 bp: 0; 10-19 bp: 1; 20-29 bp: 2; 30-33 bp: 3

Bases preceding removed adapters:
  A: 21.1%
  C: 30.8%
  G: 30.2%
  T: 17.7%
  none/other: 0.2%

Overview of removed sequences
length	count	expect	max.err	error counts
3	75429	63295.3	0	75429
4	17444	15823.8	0	17444
5	6268	3956.0	0	6268
6	2911	989.0	0	2911
7	2584	247.2	0	2584
8	2382	61.8	0	2382
9	2434	15.5	0	2341 93
10	2338	3.9	1	2184 154
11	2260	1.0	1	2164 96
12	2253	0.2	1	2170 83
13	2022	0.1	1	1952 70
14	1965	0.0	1	1895 70
15	1927	0.0	1	1861 66
16	1842	0.0	1	1771 71
17	1783	0.0	1	1723 60
18	1718	0.0	1	1650 66 2
19	1629	0.0	1	1566 60 3
20	1562	0.0	2	1489 65 8
21	1544	0.0	2	1478 53 13
22	1455	0.0	2	1369 67 19
23	1341	0.0	2	1280 50 11
24	1289	0.0	2	1209 65 15
25	1208	0.0	2	1145 55 8
26	1253	0.0	2	1174 67 12
27	1101	0.0	2	1039 52 10
28	1076	0.0	2	1001 63 11 1
29	1004	0.0	2	949 50 4 1
30	931	0.0	3	884 38 6 3
31	902	0.0	3	840 47 9 6
32	825	0.0	3	770 47 6 2
33	753	0.0	3	698 41 8 6
34	698	0.0	3	660 29 8 1
35	647	0.0	3	606 34 5 2
36	650	0.0	3	607 35 7 1
37	555	0.0	3	518 32 3 2
38	541	0.0	3	513 24 3 1
39	514	0.0	3	488 20 6
40	426	0.0	3	399 21 4 2
41	364	0.0	3	336 25 1 2
42	350	0.0	3	323 24 3
43	314	0.0	3	298 12 2 2
44	292	0.0	3	272 16 2 2
45	245	0.0	3	238 6 0 1
46	204	0.0	3	193 10 1
47	185	0.0	3	170 14 0 1
48	171	0.0	3	166 3 1 1
49	152	0.0	3	147 4 1
50	130	0.0	3	121 7 2
51	115	0.0	3	108 4 3
52	94	0.0	3	85 7 1 1
53	98	0.0	3	92 5 1
54	66	0.0	3	59 7
55	81	0.0	3	73 7 0 1
56	41	0.0	3	36 5
57	43	0.0	3	40 2 0 1
58	40	0.0	3	38 2
59	25	0.0	3	22 1 2
60	36	0.0	3	34 1 0 1
61	35	0.0	3	31 2 1 1
62	37	0.0	3	33 2 2
63	15	0.0	3	13 2
64	16	0.0	3	15 0 0 1
65	18	0.0	3	17 0 0 1
66	16	0.0	3	14 2
67	11	0.0	3	7 3 1
68	18	0.0	3	17 1
69	7	0.0	3	7
70	15	0.0	3	11 1 2 1
71	3	0.0	3	3
72	3	0.0	3	2 1
73	9	0.0	3	7 2
74	7	0.0	3	7
75	4	0.0	3	2 2
76	2	0.0	3	2
77	4	0.0	3	3 1
78	3	0.0	3	2 0 0 1
79	5	0.0	3	2 0 3
80	4	0.0	3	4
81	1	0.0	3	1
82	2	0.0	3	2
83	2	0.0	3	1 1
84	1	0.0	3	1
85	3	0.0	3	3
87	2	0.0	3	2
88	1	0.0	3	0 0 1
90	1	0.0	3	1
91	3	0.0	3	3
92	1	0.0	3	1
94	1	0.0	3	1
95	1	0.0	3	1
96	1	0.0	3	1
100	1	0.0	3	0 0 0 1
101	326	0.0	3	1 241 80 4
