This is cutadapt 4.9 with Python 3.12.5
Command line parameters: -a AGATCGGAAGAGCACACGTCTGAACTCCAGTCA -o ./cutadapt_out/23_4A_control_S17_L008_R1_001_trimmed.fastq.gz /projects/bgmp/shared/2017_sequencing/demultiplexed/23_4A_control_S17_L008_R1_001.fastq.gz
Processing single-end reads on 1 core ...
Finished in 288.827 s (6.519 µs/read; 9.20 M reads/minute).

=== Summary ===

Total reads processed:              44,303,262
Reads with adapters:                 1,359,563 (3.1%)
Reads written (passing filters):    44,303,262 (100.0%)

Total basepairs processed: 4,474,629,462 bp
Total written (filtered):  4,463,208,431 bp (99.7%)

=== Adapter 1 ===

Sequence: AGATCGGAAGAGCACACGTCTGAACTCCAGTCA; Type: regular 3'; Length: 33; Trimmed: 1359563 times

Minimum overlap: 3
No. of allowed errors:
1-9 bp: 0; 10-19 bp: 1; 20-29 bp: 2; 30-33 bp: 3

Bases preceding removed adapters:
  A: 23.4%
  C: 29.6%
  G: 30.7%
  T: 15.0%
  none/other: 1.3%

Overview of removed sequences
length	count	expect	max.err	error counts
3	791457	692238.5	0	791457
4	175590	173059.6	0	175590
5	57940	43264.9	0	57940
6	19829	10816.2	0	19829
7	17401	2704.1	0	17401
8	15343	676.0	0	15343
9	15674	169.0	0	14913 761
10	16118	42.3	1	14804 1314
11	14035	10.6	1	13367 668
12	13261	2.6	1	12738 523
13	12811	0.7	1	12317 494
14	12126	0.2	1	11645 481
15	11450	0.0	1	11022 428
16	10938	0.0	1	10472 466
17	10444	0.0	1	10040 404
18	9874	0.0	1	9446 420 8
19	9270	0.0	1	8852 406 12
20	8622	0.0	2	8169 398 55
21	8207	0.0	2	7775 366 66
22	7947	0.0	2	7533 357 57
23	7408	0.0	2	6988 365 55
24	7084	0.0	2	6631 393 60
25	6425	0.0	2	6054 313 58
26	6257	0.0	2	5864 335 58
27	5635	0.0	2	5296 285 51 3
28	5381	0.0	2	5059 272 47 3
29	5153	0.0	2	4824 267 59 3
30	4902	0.0	3	4546 290 46 20
31	4262	0.0	3	3922 271 51 18
32	3993	0.0	3	3693 246 41 13
33	3738	0.0	3	3465 228 32 13
34	3506	0.0	3	3231 233 28 14
35	3177	0.0	3	2965 160 34 18
36	3107	0.0	3	2871 196 31 9
37	2845	0.0	3	2679 132 20 14
38	2626	0.0	3	2435 158 23 10
39	2533	0.0	3	2334 161 23 15
40	2307	0.0	3	2131 137 26 13
41	2049	0.0	3	1919 107 15 8
42	1915	0.0	3	1771 125 15 4
43	1656	0.0	3	1534 95 20 7
44	1520	0.0	3	1418 78 18 6
45	1437	0.0	3	1319 86 21 11
46	1319	0.0	3	1216 73 17 13
47	1175	0.0	3	1088 65 13 9
48	1053	0.0	3	954 81 13 5
49	1022	0.0	3	952 53 12 5
50	964	0.0	3	890 55 6 13
51	888	0.0	3	822 54 8 4
52	767	0.0	3	698 52 5 12
53	689	0.0	3	628 50 9 2
54	655	0.0	3	603 38 12 2
55	604	0.0	3	545 45 4 10
56	490	0.0	3	455 25 8 2
57	476	0.0	3	437 28 5 6
58	433	0.0	3	396 25 9 3
59	409	0.0	3	357 39 6 7
60	431	0.0	3	393 27 6 5
61	389	0.0	3	359 25 3 2
62	348	0.0	3	314 19 8 7
63	308	0.0	3	272 20 5 11
64	283	0.0	3	262 13 6 2
65	246	0.0	3	220 17 4 5
66	216	0.0	3	190 15 9 2
67	187	0.0	3	164 15 4 4
68	161	0.0	3	150 7 4
69	189	0.0	3	168 17 1 3
70	180	0.0	3	156 15 6 3
71	118	0.0	3	105 8 1 4
72	119	0.0	3	109 8 1 1
73	83	0.0	3	71 5 5 2
74	62	0.0	3	57 3 1 1
75	61	0.0	3	54 6 0 1
76	48	0.0	3	41 4 1 2
77	38	0.0	3	33 5
78	31	0.0	3	25 4 2
79	21	0.0	3	19 2
80	26	0.0	3	23 1 2
81	23	0.0	3	19 2 1 1
82	12	0.0	3	8 3 0 1
83	14	0.0	3	8 3 1 2
84	13	0.0	3	13
85	11	0.0	3	11
86	14	0.0	3	12 1 1
87	14	0.0	3	14
88	8	0.0	3	8
89	5	0.0	3	4 1
90	6	0.0	3	5 1
91	11	0.0	3	10 1
92	4	0.0	3	3 0 0 1
93	9	0.0	3	8 1
94	3	0.0	3	3
95	2	0.0	3	1 1
96	6	0.0	3	5 0 0 1
97	3	0.0	3	3
98	7	0.0	3	6 1
99	5	0.0	3	4 0 1
100	1	0.0	3	1
101	17650	0.0	3	5 16105 1381 159
