This is cutadapt 4.9 with Python 3.12.5
Command line parameters: -a AGATCGGAAGAGCGTCGTGTAGGGAAAGAGTGT -o ./cutadapt_out/23_4A_control_S17_L008_R2_001_trimmed.fastq.gz /projects/bgmp/shared/2017_sequencing/demultiplexed/23_4A_control_S17_L008_R2_001.fastq.gz
Processing single-end reads on 1 core ...
Finished in 308.893 s (6.972 µs/read; 8.61 M reads/minute).

=== Summary ===

Total reads processed:              44,303,262
Reads with adapters:                 1,657,134 (3.7%)
Reads written (passing filters):    44,303,262 (100.0%)

Total basepairs processed: 4,474,629,462 bp
Total written (filtered):  4,461,889,704 bp (99.7%)

=== Adapter 1 ===

Sequence: AGATCGGAAGAGCGTCGTGTAGGGAAAGAGTGT; Type: regular 3'; Length: 33; Trimmed: 1657134 times

Minimum overlap: 3
No. of allowed errors:
1-9 bp: 0; 10-19 bp: 1; 20-29 bp: 2; 30-33 bp: 3

Bases preceding removed adapters:
  A: 26.3%
  C: 28.5%
  G: 33.0%
  T: 11.1%
  none/other: 1.1%

Overview of removed sequences
length	count	expect	max.err	error counts
3	1009400	692238.5	0	1009400
4	234147	173059.6	0	234147
5	61839	43264.9	0	61839
6	24119	10816.2	0	24119
7	18035	2704.1	0	18035
8	15572	676.0	0	15572
9	16517	169.0	0	15149 1368
10	16914	42.3	1	15107 1807
11	14843	10.6	1	13667 1176
12	13724	2.6	1	13037 687
13	13000	0.7	1	12617 383
14	12366	0.2	1	12034 332
15	11662	0.0	1	11248 414
16	11182	0.0	1	10762 420
17	10654	0.0	1	10228 426
18	10073	0.0	1	9602 468 3
19	9449	0.0	1	9092 352 5
20	8782	0.0	2	8320 382 80
21	8423	0.0	2	7983 359 81
22	8182	0.0	2	7747 360 75
23	7615	0.0	2	7178 359 78
24	7287	0.0	2	6877 327 83
25	6596	0.0	2	6218 313 65
26	6437	0.0	2	6031 329 77
27	5790	0.0	2	5437 290 59 4
28	5576	0.0	2	5216 299 61
29	5329	0.0	2	4968 262 89 10
30	5119	0.0	3	4727 286 69 37
31	4428	0.0	3	4017 303 76 32
32	4147	0.0	3	3811 225 64 47
33	3904	0.0	3	3589 224 54 37
34	3676	0.0	3	3386 192 69 29
35	3328	0.0	3	3066 175 51 36
36	3257	0.0	3	2975 195 44 43
37	3021	0.0	3	2766 180 38 37
38	2801	0.0	3	2554 160 45 42
39	2690	0.0	3	2417 185 53 35
40	2482	0.0	3	2269 119 49 45
41	2195	0.0	3	1981 142 37 35
42	2054	0.0	3	1876 112 34 32
43	1806	0.0	3	1642 105 37 22
44	1631	0.0	3	1493 84 34 20
45	1571	0.0	3	1388 107 47 29
46	1443	0.0	3	1296 98 26 23
47	1303	0.0	3	1161 86 36 20
48	1207	0.0	3	1052 80 39 36
49	1147	0.0	3	1018 74 32 23
50	1086	0.0	3	950 99 24 13
51	1029	0.0	3	899 82 20 28
52	901	0.0	3	787 66 29 19
53	789	0.0	3	686 62 24 17
54	760	0.0	3	659 62 25 14
55	735	0.0	3	625 66 24 20
56	614	0.0	3	500 60 30 24
57	582	0.0	3	474 56 30 22
58	584	0.0	3	473 54 24 33
59	507	0.0	3	413 51 25 18
60	538	0.0	3	457 38 25 18
61	502	0.0	3	420 38 21 23
62	469	0.0	3	368 54 25 22
63	408	0.0	3	325 45 22 16
64	381	0.0	3	303 38 24 16
65	341	0.0	3	281 27 18 15
66	308	0.0	3	247 32 21 8
67	264	0.0	3	211 27 18 8
68	241	0.0	3	185 35 11 10
69	277	0.0	3	216 26 21 14
70	271	0.0	3	210 32 14 15
71	201	0.0	3	149 24 14 14
72	185	0.0	3	135 25 13 12
73	133	0.0	3	97 18 9 9
74	130	0.0	3	85 21 14 10
75	109	0.0	3	80 13 9 7
76	92	0.0	3	56 17 8 11
77	87	0.0	3	57 15 10 5
78	79	0.0	3	49 10 14 6
79	47	0.0	3	28 8 6 5
80	53	0.0	3	27 8 8 10
81	27	0.0	3	23 2 1 1
82	20	0.0	3	14 1 2 3
83	19	0.0	3	9 5 2 3
84	19	0.0	3	15 2 1 1
85	21	0.0	3	9 6 2 4
86	20	0.0	3	16 1 1 2
87	23	0.0	3	16 3 1 3
88	11	0.0	3	7 2 1 1
89	8	0.0	3	4 2 1 1
90	8	0.0	3	7 1
91	14	0.0	3	10 1 0 3
92	4	0.0	3	3 1
93	13	0.0	3	8 1 1 3
94	4	0.0	3	3 0 0 1
95	2	0.0	3	2
96	7	0.0	3	2 3 0 2
97	4	0.0	3	1 1 1 1
98	9	0.0	3	5 2 0 2
99	5	0.0	3	2 2 0 1
100	4	0.0	3	0 1 1 2
101	17466	0.0	3	4 16045 1285 132
